[[ 1.                 0.5                0.333333333333333  0.25               0.2
   0.166666666666667  0.142857142857143  0.125              0.111111111111111
   0.1                0.090909090909091  0.083333333333333
   0.076923076923077  0.071428571428571  0.066666666666667  0.0625
   0.058823529411765  0.055555555555556  0.052631578947368  0.05             ]
 [ 0.5                0.333333333333333  0.25               0.2
   0.166666666666667  0.142857142857143  0.125              0.111111111111111
   0.1                0.090909090909091  0.083333333333333
   0.076923076923077  0.071428571428571  0.066666666666667  0.0625
   0.058823529411765  0.055555555555556  0.052631578947368  0.05
   0.047619047619048]
 [ 0.333333333333333  0.25               0.2                0.166666666666667
   0.142857142857143  0.125              0.111111111111111  0.1
   0.090909090909091  0.083333333333333  0.076923076923077
   0.071428571428571  0.066666666666667  0.0625             0.058823529411765
   0.055555555555556  0.052631578947368  0.05               0.047619047619048
   0.045454545454545]
 [ 0.25               0.2                0.166666666666667
   0.142857142857143  0.125              0.111111111111111  0.1
   0.090909090909091  0.083333333333333  0.076923076923077
   0.071428571428571  0.066666666666667  0.0625             0.058823529411765
   0.055555555555556  0.052631578947368  0.05               0.047619047619048
   0.045454545454545  0.043478260869565]
 [ 0.2                0.166666666666667  0.142857142857143  0.125
   0.111111111111111  0.1                0.090909090909091
   0.083333333333333  0.076923076923077  0.071428571428571
   0.066666666666667  0.0625             0.058823529411765
   0.055555555555556  0.052631578947368  0.05               0.047619047619048
   0.045454545454545  0.043478260869565  0.041666666666667]
 [ 0.166666666666667  0.142857142857143  0.125              0.111111111111111
   0.1                0.090909090909091  0.083333333333333
   0.076923076923077  0.071428571428571  0.066666666666667  0.0625
   0.058823529411765  0.055555555555556  0.052631578947368  0.05
   0.047619047619048  0.045454545454545  0.043478260869565
   0.041666666666667  0.04             ]
 [ 0.142857142857143  0.125              0.111111111111111  0.1
   0.090909090909091  0.083333333333333  0.076923076923077
   0.071428571428571  0.066666666666667  0.0625             0.058823529411765
   0.055555555555556  0.052631578947368  0.05               0.047619047619048
   0.045454545454545  0.043478260869565  0.041666666666667  0.04
   0.038461538461538]
 [ 0.125              0.111111111111111  0.1                0.090909090909091
   0.083333333333333  0.076923076923077  0.071428571428571
   0.066666666666667  0.0625             0.058823529411765
   0.055555555555556  0.052631578947368  0.05               0.047619047619048
   0.045454545454545  0.043478260869565  0.041666666666667  0.04
   0.038461538461538  0.037037037037037]
 [ 0.111111111111111  0.1                0.090909090909091
   0.083333333333333  0.076923076923077  0.071428571428571
   0.066666666666667  0.0625             0.058823529411765
   0.055555555555556  0.052631578947368  0.05               0.047619047619048
   0.045454545454545  0.043478260869565  0.041666666666667  0.04
   0.038461538461538  0.037037037037037  0.035714285714286]
 [ 0.1                0.090909090909091  0.083333333333333
   0.076923076923077  0.071428571428571  0.066666666666667  0.0625
   0.058823529411765  0.055555555555556  0.052631578947368  0.05
   0.047619047619048  0.045454545454545  0.043478260869565
   0.041666666666667  0.04               0.038461538461538
   0.037037037037037  0.035714285714286  0.03448275862069 ]
 [ 0.090909090909091  0.083333333333333  0.076923076923077
   0.071428571428571  0.066666666666667  0.0625             0.058823529411765
   0.055555555555556  0.052631578947368  0.05               0.047619047619048
   0.045454545454545  0.043478260869565  0.041666666666667  0.04
   0.038461538461538  0.037037037037037  0.035714285714286
   0.03448275862069   0.033333333333333]
 [ 0.083333333333333  0.076923076923077  0.071428571428571
   0.066666666666667  0.0625             0.058823529411765
   0.055555555555556  0.052631578947368  0.05               0.047619047619048
   0.045454545454545  0.043478260869565  0.041666666666667  0.04
   0.038461538461538  0.037037037037037  0.035714285714286
   0.03448275862069   0.033333333333333  0.032258064516129]
 [ 0.076923076923077  0.071428571428571  0.066666666666667  0.0625
   0.058823529411765  0.055555555555556  0.052631578947368  0.05
   0.047619047619048  0.045454545454545  0.043478260869565
   0.041666666666667  0.04               0.038461538461538
   0.037037037037037  0.035714285714286  0.03448275862069
   0.033333333333333  0.032258064516129  0.03125          ]
 [ 0.071428571428571  0.066666666666667  0.0625             0.058823529411765
   0.055555555555556  0.052631578947368  0.05               0.047619047619048
   0.045454545454545  0.043478260869565  0.041666666666667  0.04
   0.038461538461538  0.037037037037037  0.035714285714286
   0.03448275862069   0.033333333333333  0.032258064516129  0.03125
   0.03030303030303 ]
 [ 0.066666666666667  0.0625             0.058823529411765
   0.055555555555556  0.052631578947368  0.05               0.047619047619048
   0.045454545454545  0.043478260869565  0.041666666666667  0.04
   0.038461538461538  0.037037037037037  0.035714285714286
   0.03448275862069   0.033333333333333  0.032258064516129  0.03125
   0.03030303030303   0.029411764705882]
 [ 0.0625             0.058823529411765  0.055555555555556
   0.052631578947368  0.05               0.047619047619048
   0.045454545454545  0.043478260869565  0.041666666666667  0.04
   0.038461538461538  0.037037037037037  0.035714285714286
   0.03448275862069   0.033333333333333  0.032258064516129  0.03125
   0.03030303030303   0.029411764705882  0.028571428571429]
 [ 0.058823529411765  0.055555555555556  0.052631578947368  0.05
   0.047619047619048  0.045454545454545  0.043478260869565
   0.041666666666667  0.04               0.038461538461538
   0.037037037037037  0.035714285714286  0.03448275862069
   0.033333333333333  0.032258064516129  0.03125            0.03030303030303
   0.029411764705882  0.028571428571429  0.027777777777778]
 [ 0.055555555555556  0.052631578947368  0.05               0.047619047619048
   0.045454545454545  0.043478260869565  0.041666666666667  0.04
   0.038461538461538  0.037037037037037  0.035714285714286
   0.03448275862069   0.033333333333333  0.032258064516129  0.03125
   0.03030303030303   0.029411764705882  0.028571428571429
   0.027777777777778  0.027027027027027]
 [ 0.052631578947368  0.05               0.047619047619048
   0.045454545454545  0.043478260869565  0.041666666666667  0.04
   0.038461538461538  0.037037037037037  0.035714285714286
   0.03448275862069   0.033333333333333  0.032258064516129  0.03125
   0.03030303030303   0.029411764705882  0.028571428571429
   0.027777777777778  0.027027027027027  0.026315789473684]
 [ 0.05               0.047619047619048  0.045454545454545
   0.043478260869565  0.041666666666667  0.04               0.038461538461538
   0.037037037037037  0.035714285714286  0.03448275862069
   0.033333333333333  0.032258064516129  0.03125            0.03030303030303
   0.029411764705882  0.028571428571429  0.027777777777778
   0.027027027027027  0.026315789473684  0.025641025641026]]